version https://git-lfs.github.com/spec/v1
oid sha256:e66c42a8c270c9e6f62b539b371db8fa4b2c4e5ceba5efe498540c34fe8d5663
size 308
